8,105,79,1.33,1
2,116,129,1.98,0
6,116,177,1.22,1
3,90,113,1.25,1
3,91,73,1.29,1
8,116,133,1.83,1
2,85,112,1.2,1
5,115,68,1.64,1
10,112,184,1.55,1
8,100,135,1.43,1
1,119,91,1.77,1
6,119,69,1.99,0
2,80,66,1.75,0
3,78,164,1.92,0
4,79,130,1.84,0
7,87,139,1.05,1
7,79,154,1.54,0
2,80,191,1.96,1
1,114,186,1.63,1
5,110,151,1.76,0
3,90,133,1.68,1
2,105,62,1.02,0
2,101,74,1.82,0
9,99,189,1.08,0
1,96,176,1.71,0
10,80,181,1.21,0
2,105,144,1.54,1
2,104,189,1.01,0
1,107,64,1.18,0
7,83,90,1.75,1
10,100,185,1.08,0
9,107,166,1.84,1
4,95,179,1.28,1
5,85,92,1.46,0
4,89,127,1.57,0
10,74,86,1.32,1
7,79,108,1.34,0
1,107,89,1.17,1
8,73,185,1.36,1
5,100,187,1.21,1
2,79,71,1.18,0
8,81,105,1.08,0
5,86,66,1.51,0
8,117,124,1.05,1
8,118,144,1.6,0
7,85,196,1.17,1
4,105,70,1.91,0
9,94,153,1.01,1
5,78,148,1.29,0
8,116,159,1.72,1
8,80,123,1.22,1
9,120,125,1.87,1
3,102,139,1.68,0
9,109,73,1.67,0
10,96,144,1.22,1
6,98,77,1.04,1
7,99,117,1.08,1
3,97,68,1.82,0
7,75,182,1.74,1
5,100,187,1.64,0
10,111,120,1.88,0
4,91,159,1.27,1
1,119,199,1.46,1
9,73,80,1.19,0
4,104,133,1.66,1
5,105,191,1.5,1
8,111,177,1.8,1
7,116,149,1.68,0
8,114,190,1.12,1
3,100,92,1.45,1
4,81,124,1.05,0
9,81,134,1.16,0
9,81,84,1.57,1
6,87,145,1.25,1
3,117,83,1.35,1
6,112,146,1.45,1
8,102,99,1.02,0
9,85,121,1.59,0
7,107,113,1.79,1
10,105,132,1.22,1
6,117,176,1.98,0
8,120,187,1.06,1
7,120,97,1.11,0
8,73,158,1.58,1
10,119,132,1.01,1
5,98,63,1.03,0
10,111,151,1.22,0
10,71,157,1.01,0
8,94,134,1.98,0
5,75,64,1.66,0
2,91,61,1.11,1
9,113,151,1.94,0
8,82,123,1.69,1
8,107,136,1.3,1
10,103,172,1.75,1
9,75,158,1.43,1
7,105,151,1.07,0
10,103,115,1.59,1
9,85,135,1.09,0
10,74,63,1.56,0
3,95,132,1.21,1
3,81,133,1.02,0
1,100,128,1.16,0
9,97,75,1.1,0
5,72,189,1.31,1
8,91,124,1.94,0
7,77,142,1.56,1
2,84,81,1.63,0
8,70,114,1.05,0
10,115,86,1.37,0
7,105,169,1.81,1
7,84,62,1.85,1
8,74,145,1.14,0
6,92,89,1.96,1
10,87,196,1.26,1
7,113,131,1.71,0
2,77,95,1.65,1
4,73,60,1.45,0
6,88,147,1.81,1
8,102,195,1.12,1
2,84,182,1.51,0
8,73,65,1.88,1
6,114,114,1.42,1
1,114,128,1.17,1
7,103,128,1.93,0
9,84,162,1.17,0
9,90,142,1.39,1
3,77,127,1.08,0
7,77,180,1.56,1
4,70,176,1.98,1
8,80,88,1.53,0
6,111,94,1.19,0
9,88,175,1.59,1
7,73,110,1.26,0
2,78,114,1.47,1
7,115,198,1.9,0
4,74,64,1.31,1
3,74,81,1.02,1
4,95,170,1.87,0
5,72,168,1.27,0
5,92,169,1.6,1
9,107,198,1.38,0
9,88,172,1.37,0
5,118,151,1.05,1
1,78,136,1.25,1
6,111,147,1.78,1
10,110,136,1.13,1
6,111,197,1.16,1
6,90,133,1.5,1
5,107,111,1.55,1
2,70,156,1.74,1
2,85,187,1.99,0
4,89,93,1.95,0
3,99,79,1.19,1
7,85,167,1.2,0
7,108,137,1.96,0
3,108,198,1.18,1
7,114,195,1.96,1
5,73,61,1.94,0
5,82,87,1.68,0
6,112,101,1.02,0
2,107,103,1.18,0
3,93,135,1.61,0
1,92,163,1.03,0
8,119,164,1.53,1
5,88,69,1.47,1
6,94,195,1.92,1
6,92,83,1.3,1
1,84,106,1.8,0
9,82,189,1.31,1
3,98,140,1.18,1
1,84,84,1.7,1
7,103,196,1.71,1
5,111,122,1.97,0
9,76,83,1.82,1
7,115,186,1.03,1
5,101,123,1.79,1
3,74,185,1.78,1
8,101,153,1.31,1
2,105,70,1.03,1
5,113,82,1.36,1
5,83,134,1.85,0
5,120,135,1.92,0
7,99,126,1.52,1
9,108,174,1.53,1
4,113,156,1.43,1
3,118,170,1.2,0
1,73,60,1.76,0
9,100,159,1.96,0
3,105,162,1.03,0
4,103,197,1.08,0
6,71,96,1.68,1
2,96,91,1.97,1
6,115,62,1.21,0
1,76,140,1.73,1
1,84,77,1.18,1
10,84,140,1.95,1
9,77,119,1.89,0
6,79,185,1.02,0
5,78,74,1.77,1
10,99,123,1.95,0
4,70,84,1.54,1
2,111,124,1.93,1
1,74,192,1.66,0
4,99,105,1.74,0
4,105,180,1.97,0
7,88,112,1.47,1
9,79,74,1.82,0
2,91,118,1.66,0
5,112,77,1.29,1
8,83,107,1.23,0
2,76,143,1.35,1
6,94,80,1.34,0
10,119,99,1.54,0
10,108,194,1.72,0
9,114,171,1.99,0
8,87,175,1.18,1
2,105,199,1.93,0
6,85,180,1.87,1
6,86,123,1.58,1
4,98,198,1.59,1
7,98,89,1.95,0
8,111,178,1.84,1
9,87,166,1.24,0
1,119,129,1.3,1
4,79,66,1.77,0
2,106,151,1.71,0
5,84,145,1.3,1
10,111,145,1.13,1
5,114,127,1.05,1
6,114,133,1.64,0
2,102,194,1.87,0
1,119,162,1.21,1
5,90,159,1.68,1
2,113,65,1.1,1
9,88,187,1.3,0
6,78,166,1.13,0
4,81,171,1.25,1
1,117,160,1.22,0
1,87,87,1.02,0
7,108,72,1.51,1
8,118,77,1.16,0
10,107,109,1.6,0
2,102,147,1.09,0
7,118,94,1.6,1
3,73,115,1.54,0
8,96,84,1.36,1
5,83,89,1.59,0
5,83,149,1.48,0
3,84,110,1.94,0
1,99,163,1.18,1
5,98,114,1.61,0
10,79,169,1.64,1
1,106,146,1.33,0
9,91,195,1.73,1
1,106,167,1.95,1
2,91,115,1.12,0
9,98,158,1.51,1
7,95,74,1.5,0
10,81,159,1.85,1
8,99,97,1.41,0
8,107,154,1.26,0
8,95,181,1.61,1
7,97,84,1.4,0
6,95,191,1.04,1
8,105,162,1.4,1
4,87,193,1.38,0
2,87,128,1.78,1
8,74,193,1.43,0
10,109,105,1.29,1
2,79,63,1.71,1
7,91,139,1.07,0
1,99,143,1.24,0
3,76,165,1.48,1
4,93,107,1.27,1
3,116,79,1.2,1
8,93,109,1.4,0
10,96,131,1.56,1
4,77,65,1.6,0
2,97,148,1.39,1
1,115,187,1.15,0
5,80,72,1.77,1
5,95,61,1.9,0
5,107,89,1.65,0
2,99,97,1.93,0
4,118,90,1.25,0
4,71,73,1.45,0
5,101,71,1.61,1
10,94,135,1.47,1
10,108,125,1.07,0
6,82,80,1.75,0
8,116,169,1.42,0
2,72,182,1.68,0
5,104,110,1.5,1
7,103,96,1.74,0
5,83,114,1.06,0
7,104,107,1.81,0
9,87,106,1.83,1
1,79,161,1.92,0
8,113,154,1.98,1
2,112,152,1.11,0
4,98,187,1.98,1
7,85,120,1.08,0
3,90,159,1.89,1
6,90,103,1.52,1
4,118,63,1.84,0
4,100,108,1.98,1
6,108,61,1.73,1
5,108,145,1.53,1
9,116,143,1.48,1
3,72,158,1.01,0
5,91,86,1.66,0
9,96,63,1.21,1
1,116,91,1.89,0
5,118,79,1.73,1
2,87,130,1.09,1
3,100,154,1.77,1
2,70,60,1.43,1
4,115,67,1.12,1
6,73,183,1.9,0
5,107,120,1.97,1
8,86,100,1.32,0
2,90,175,1.97,0
3,79,178,1.51,0
7,91,94,1.91,1
1,73,166,1.3,1
3,95,189,1.27,1
9,116,173,1.58,0
8,93,114,1.08,0
10,89,168,1.5,1
1,117,161,1.74,0
2,103,169,1.42,0
5,78,72,1.83,1
7,84,72,1.09,1
7,110,86,1.16,0
10,120,92,1.02,1
2,90,155,1.59,0
10,91,82,1.13,0
3,84,190,1.4,0
4,76,156,1.27,1
5,104,95,1.32,0
2,75,160,1.42,0
1,90,107,1.51,0
3,71,157,1.57,1
9,95,116,1.13,0
6,108,175,1.1,1
1,88,190,1.76,0
2,109,166,1.1,1
1,82,96,1.91,0
3,80,195,1.42,1
9,71,139,1.3,1
2,106,200,1.23,1
10,101,60,1.72,0
8,76,200,1.88,1
10,96,179,1.96,1
8,105,101,1.78,1
7,96,155,1.39,0
6,79,68,1.44,1
9,106,71,1.41,1
10,81,140,1.98,0
6,104,166,1.36,1
7,77,112,1.73,0
6,79,165,1.04,0
5,76,133,1.93,1
4,97,67,1.49,0
5,106,94,1.62,0
2,93,192,1.88,0
7,91,191,1.86,1
3,89,187,1.68,1
9,71,150,1.49,0
6,103,184,1.06,1
10,83,120,1.07,1
3,110,71,1.72,1
8,70,107,1.64,0
8,119,128,1.81,0
7,76,148,1.49,1
5,102,116,1.79,1
4,116,167,1.28,0
9,70,158,1.47,0
9,86,67,1.82,1
2,85,139,1.81,1
2,95,170,1.72,0
6,96,134,1.82,1
7,112,174,1.87,0
8,85,72,1.97,0
10,117,138,1.89,0
4,98,108,1.7,1
7,96,144,1.14,0
4,104,133,1.99,0
9,90,135,1.19,0
2,96,64,1.06,0
9,87,195,1.17,1
8,94,104,1.91,0
1,93,186,1.63,0
5,91,104,1.66,0
6,93,160,1.06,1
3,84,91,1.97,0
6,109,74,1.08,1
2,109,63,1.7,1
6,98,132,1.91,0
8,96,194,1.28,1
3,94,191,1.76,0
3,113,61,1.59,1
9,114,93,1.22,1
8,102,86,1.11,0
1,74,112,1.98,1
3,107,129,1.89,1
5,73,176,1.44,0
9,118,151,1.69,0
3,116,111,1.44,0
2,74,96,1.18,1
1,80,78,1.24,0
6,74,182,1.85,1
8,91,184,1.46,1
1,79,114,1.66,1
9,100,77,1.7,0
4,109,155,1.79,1
3,112,66,1.46,0
7,83,159,1.17,1
4,106,115,1.3,1
2,97,115,1.25,1
9,74,62,1.02,0
9,115,71,1.96,1
10,86,149,1.46,0
1,119,141,1.96,1
6,83,131,1.2,1
5,98,132,1.3,1
9,96,116,1.59,1
7,85,63,1.64,0
3,95,144,1.97,1
4,111,155,1.13,0
7,94,147,1.93,0
9,94,77,1.29,0
1,72,186,1.7,1
10,104,132,1.07,1
5,111,172,1.43,0
8,87,111,1.17,0
9,89,136,1.16,1
2,110,80,1.78,1
6,76,98,1.22,1
5,90,83,1.28,0
8,115,62,1.39,0
9,80,85,1.75,0
1,74,68,1.13,1
9,75,122,1.23,0
5,113,77,1.3,1
2,79,155,1.03,1
4,103,88,1.07,1
2,109,200,1.7,1
8,75,81,1.77,1
9,88,120,1.23,1
4,112,99,1.03,0
4,102,110,1.41,1
7,119,102,1.42,1
6,79,167,1.78,0
10,80,66,1.77,0
10,96,166,1.31,0
5,117,145,1.82,0
2,77,102,1.46,1
10,71,75,1.06,1
5,95,151,1.61,0
4,111,60,1.28,1
8,75,90,1.5,1
2,92,178,1.75,0
8,110,161,1.71,0
7,101,170,1.65,1
7,75,142,1.86,0
9,78,181,1.19,0
8,80,78,1.67,0
5,75,116,1.98,0
10,72,79,1.93,0
6,71,117,1.04,1
3,92,68,2.0,0
2,81,130,1.45,0
1,116,185,1.94,1
8,110,177,1.71,0
8,112,87,1.3,0
4,79,110,1.34,1
9,80,93,1.62,0
7,108,122,1.42,1
5,113,102,1.37,0
8,79,171,1.77,0
3,81,110,1.24,0
3,70,192,1.42,1
1,104,149,1.56,1
3,83,93,1.38,1
1,73,97,2.0,0
1,120,107,1.49,1
5,80,148,1.42,0
3,81,67,1.77,0
8,114,177,1.04,1
6,73,66,1.51,1
6,78,147,1.6,1
4,87,168,1.12,1
4,110,200,1.17,0
6,93,146,1.46,1
9,89,68,1.96,0
1,71,163,1.93,0
8,105,111,1.74,0
4,106,189,1.69,0
10,110,110,1.24,1
7,74,143,1.75,1
10,81,92,1.95,1
3,117,70,1.69,0
4,103,111,1.42,1
5,85,143,1.96,1
9,99,197,1.32,1
3,101,151,1.21,0
7,116,170,1.42,1
10,105,104,1.12,1
6,84,149,1.46,0
7,98,111,1.04,0
3,117,182,1.68,0
3,112,137,1.83,1
5,78,131,1.31,0
8,74,178,1.96,0
6,82,108,1.06,1
9,71,200,1.13,0
5,76,177,1.16,1
1,82,119,1.59,1
7,81,94,1.11,0
3,115,167,1.79,1
3,73,138,1.72,1
4,96,124,1.2,1
7,88,86,1.73,0
1,79,85,1.09,1
9,91,150,1.67,1
8,95,119,1.08,0
9,88,131,1.42,0
3,70,74,2.0,0
5,89,65,1.91,1
5,113,130,1.09,1
3,78,63,1.03,1
4,115,82,1.22,0
2,104,68,1.01,0
7,118,96,1.75,0
5,70,87,1.72,0
5,92,131,1.09,1
5,100,189,1.98,0
8,72,121,1.04,0
4,82,160,1.35,1
7,83,83,1.08,0
3,79,114,1.86,1
7,72,104,1.03,1
5,70,182,1.74,1
6,91,187,1.53,0
10,77,157,1.94,0
1,76,164,1.45,0
9,90,155,1.9,1
7,102,69,1.8,0
1,88,125,1.16,0
4,85,134,1.06,1
1,80,137,1.85,0
7,114,71,1.36,1
8,97,188,1.61,1
9,103,114,1.16,1
4,88,63,1.76,0
8,109,77,1.52,0
7,113,184,1.65,0
8,115,113,1.32,1
7,78,169,1.57,0
5,97,178,1.83,0
3,110,139,1.22,0
1,72,161,1.12,1
8,108,154,1.51,0
2,97,112,1.4,1
10,86,126,1.65,1
9,119,84,1.42,1
6,99,123,1.91,1
9,114,181,1.19,1
5,89,172,1.42,1
9,77,171,1.84,1
1,115,108,1.97,0
6,101,125,1.62,0
5,114,166,1.11,1
3,70,84,1.2,1
7,112,97,1.89,1
4,74,67,1.13,0
7,75,199,1.19,0
8,93,167,1.09,1
7,96,75,1.6,1
2,110,84,1.51,1
7,98,84,1.75,1
10,105,172,1.57,0
6,119,139,1.37,1
9,106,169,1.83,0
9,87,188,1.31,0
9,71,189,1.28,0
3,83,198,1.9,0
8,93,101,1.54,1
8,98,166,1.47,0
8,85,157,1.91,0
4,97,91,1.62,0
3,99,136,1.61,1
3,94,196,1.92,0
5,78,151,1.9,0
10,112,198,1.47,1
5,93,175,1.6,0
8,75,94,1.53,0
4,107,133,1.46,0
6,110,124,1.9,0
8,102,194,1.13,1
7,101,180,1.81,0
4,89,85,1.39,1
4,79,182,1.08,0
1,76,177,1.47,0
1,73,134,1.47,1
2,115,121,1.6,1
3,73,115,1.85,1
6,96,97,1.06,0
9,86,178,1.36,0
4,78,161,1.95,1
10,115,134,1.48,0
8,71,93,1.42,1
8,106,108,1.15,1
6,101,150,1.5,1
7,92,186,1.07,1
6,78,87,1.82,1
9,86,198,1.02,1
7,91,117,1.36,1
2,95,84,1.34,0
3,112,180,1.76,1
6,114,149,1.11,1
7,111,160,1.39,1
4,110,171,1.87,0
4,118,175,1.86,0
9,111,64,1.22,0
2,117,164,1.59,1
3,75,119,1.79,0
7,76,102,1.05,1
2,115,126,1.56,1
8,93,95,1.19,1
9,106,80,1.44,1
4,84,164,1.92,0
7,74,110,1.61,1
3,70,74,1.02,0
7,72,87,1.47,1
6,74,66,1.25,1
1,105,129,1.5,0
1,105,110,1.72,0
4,102,151,1.39,0
6,74,125,1.32,0
1,108,75,1.9,0
5,116,151,1.66,0
10,86,177,1.9,0
7,90,195,1.58,0
9,85,157,1.11,1
2,103,101,1.6,0
1,79,71,1.34,1
2,73,172,1.58,1
4,115,183,2.0,0
7,103,96,1.31,0
3,102,185,1.13,1
9,71,165,1.67,1
9,96,181,1.64,1
10,81,166,1.02,1
5,92,125,1.29,0
1,114,160,1.94,1
1,95,163,1.35,1
5,106,191,1.34,0
3,106,124,1.41,1
9,117,122,1.37,0
8,77,187,1.66,0
7,118,100,1.29,1
8,71,78,1.13,0
9,75,197,1.25,0
2,71,155,1.16,1
6,98,103,1.91,0
7,88,153,1.08,1
2,80,71,1.51,1
3,75,87,1.82,1
7,118,141,1.83,1
8,81,91,1.72,1
1,102,148,1.46,1
2,102,172,1.89,0
3,110,157,1.36,0
10,99,159,1.33,1
2,110,126,1.95,1
1,81,163,1.93,0
3,105,177,1.85,1
8,88,196,1.81,0
9,88,186,1.38,1
5,85,72,1.07,0
9,107,107,1.63,1
10,73,163,1.62,1
8,70,101,1.11,1
6,96,104,1.73,0
3,90,84,2.0,1
1,88,106,1.1,0
2,82,91,1.57,1
5,109,159,1.32,1
4,92,87,1.12,0
6,100,137,1.27,1
9,96,63,1.66,1
2,88,192,1.92,0
3,98,107,1.72,1
2,94,72,1.16,1
8,93,100,1.49,0
2,102,194,1.42,0
2,105,143,1.63,1
3,109,148,1.18,1
4,102,108,1.33,0
8,111,118,1.48,1
2,106,83,1.72,1
4,89,148,1.9,0
8,92,178,1.97,1
4,117,121,1.63,0
1,93,164,1.92,0
4,91,148,1.61,0
6,86,187,1.43,0
8,77,90,1.79,1
8,109,183,1.5,1
10,102,174,1.43,0
6,85,187,1.7,0
9,79,189,1.62,0
9,104,195,1.06,0
5,94,176,1.6,0
2,90,132,1.56,1
7,93,126,1.67,1
7,109,137,1.15,0
7,74,200,1.32,0
4,85,63,1.4,1
4,92,188,1.76,0
1,81,111,1.39,0
8,117,68,1.92,0
8,76,146,1.09,1
4,109,86,1.75,0
4,104,196,1.77,0
3,73,193,1.88,1
3,79,110,1.96,1
7,87,136,1.37,0
4,72,118,1.68,0
3,90,175,1.54,1
8,75,103,1.67,0
9,96,106,1.22,0
4,74,109,1.28,0
8,97,81,1.19,0
7,118,172,1.77,1
4,91,159,1.42,1
9,101,66,1.02,1
8,81,190,1.18,1
1,77,62,1.04,1
3,106,95,1.41,0
9,73,91,1.41,0
5,72,145,1.34,1
2,95,159,1.6,0
5,104,73,1.23,0
5,71,118,1.04,0
7,118,121,1.21,1
5,105,72,1.59,1
2,114,105,1.99,1
5,82,71,1.12,1
1,87,116,1.1,0
5,108,181,1.93,0
10,119,122,1.75,1
7,73,143,1.27,0
7,99,107,1.73,0
10,74,78,1.46,0
6,102,158,1.1,1
3,72,137,1.36,1
4,78,91,1.73,0
8,70,166,1.97,1
5,118,121,1.59,0
3,99,86,1.94,1
10,71,178,1.08,1
3,100,168,1.74,1
2,117,191,1.03,1
8,100,199,1.03,1
1,82,123,1.38,1
5,101,74,1.88,0
3,116,181,1.53,1
10,95,90,1.76,1
5,101,139,1.52,0
5,74,197,1.45,0
8,72,101,1.27,0
8,95,85,1.16,0
9,115,91,1.24,0
5,100,158,1.64,0
4,85,186,1.65,0
4,100,156,1.77,0
4,107,140,1.22,1
7,107,71,1.21,0
10,100,114,1.18,0
8,72,194,1.28,1
3,119,179,1.63,1
5,89,197,1.93,1
5,99,169,1.91,1
5,100,200,1.04,0
4,108,83,1.51,1
2,103,147,1.66,1
4,95,76,1.53,1
4,108,184,1.6,1
2,118,136,1.12,0
2,107,182,1.46,1
10,77,78,1.64,1
8,110,117,1.29,0
5,95,74,1.48,0
1,110,117,1.39,1
7,91,135,1.34,1
9,78,165,1.82,1
7,70,147,1.43,1
2,106,170,1.38,1
8,82,182,1.29,1
6,116,179,1.15,1
2,98,158,1.87,1
6,118,192,1.08,1
5,89,145,1.59,0
5,120,193,1.39,0
8,118,132,1.59,0
5,116,133,1.16,0
4,94,64,1.53,1
3,86,184,1.72,1
10,76,96,1.16,0
2,83,186,1.34,1
10,110,141,1.29,0
4,74,186,1.38,1
6,120,164,1.81,0
7,109,177,1.38,0
1,87,140,1.61,0
1,70,198,1.22,0
8,115,119,1.57,0
1,89,181,1.66,1
6,82,81,1.2,0
7,116,128,1.3,1
6,108,154,1.32,1
9,109,116,1.89,1
5,117,62,1.16,1
7,109,66,1.6,0
1,115,98,1.11,0
6,71,91,1.35,1
1,78,65,1.64,0
8,93,179,1.55,0
2,94,82,1.68,0
8,119,60,1.66,1
2,79,134,1.34,1
6,74,88,1.77,1
3,115,143,1.75,1
7,115,198,1.07,0
4,72,168,1.98,0
9,100,199,1.62,1
5,74,98,1.2,1
2,103,106,1.23,0
6,87,83,1.99,0
6,78,171,1.43,0
1,84,82,1.42,1
10,104,180,1.96,0
9,98,155,1.47,0
7,77,71,1.18,0
5,79,87,1.66,1
6,117,86,1.47,1
5,106,155,1.88,0
9,81,114,1.38,1
3,97,137,1.69,0
3,92,103,1.56,0
9,100,131,1.87,1
4,96,147,1.98,0
10,118,92,1.17,0
8,100,86,1.1,0
10,91,166,1.78,1
5,87,77,1.09,0
5,79,182,1.68,1
1,91,104,1.66,0
1,113,99,1.39,0
1,75,113,1.33,0
10,71,161,1.53,1
5,88,61,1.68,0
1,94,76,1.08,1
4,78,119,1.77,0
9,72,82,1.6,1
6,70,106,1.13,1
2,78,95,1.59,0
3,113,197,1.98,0
8,110,125,1.11,1
2,90,72,1.54,1
9,74,123,1.99,0
5,87,70,1.61,0
4,99,143,1.19,1
6,119,136,1.69,1
8,98,144,1.01,1
3,115,80,1.51,0
1,98,92,1.79,1
7,117,106,1.38,0
10,72,176,1.87,1
4,81,121,1.92,0
7,116,199,1.57,0
3,97,200,1.71,1
7,94,195,1.01,0
2,71,195,1.14,0
5,97,120,1.78,0
1,95,179,1.71,0
7,88,173,1.79,0
4,113,91,1.37,1
10,77,105,1.02,1
1,72,156,1.83,0
6,114,103,1.83,1
9,79,60,1.76,0
9,83,191,1.53,0
4,93,96,1.23,0
1,103,79,1.4,1
6,92,145,1.98,1
4,80,157,1.95,0
5,103,139,1.22,1
3,72,115,1.39,1
5,98,127,1.38,0
6,106,112,1.63,0
10,103,175,1.47,1
7,94,157,1.52,1
1,110,136,1.06,1
8,93,183,1.85,1
5,85,101,1.21,0
7,71,144,1.72,0
5,110,165,1.3,0
9,107,91,1.3,1
6,112,164,1.68,1
6,85,162,1.34,0
4,96,134,1.39,1
10,120,82,1.09,1
2,77,116,1.65,1
3,72,68,1.98,0
8,93,169,1.36,0
5,84,168,1.62,0
5,112,109,1.17,0
9,96,150,1.3,1
7,77,78,1.19,1
7,114,176,1.2,1
10,90,153,1.43,1
10,89,138,1.7,0
5,110,124,1.26,1
3,109,199,1.72,0
1,98,86,1.84,1
10,85,153,1.28,0
6,110,123,1.65,0
4,80,80,1.13,1
9,105,131,1.96,1
2,72,143,1.95,1
7,71,185,1.52,0
8,82,189,1.38,1
10,112,149,1.24,1
3,98,65,1.66,1
3,112,70,1.62,1
1,75,83,1.05,1
4,100,130,1.28,0
5,99,71,1.16,1
7,78,171,1.57,1
2,83,95,1.33,0
3,85,130,1.52,0
7,91,126,1.13,1
9,76,197,1.53,0
8,120,192,1.82,1
10,118,184,1.39,0
9,72,133,1.32,1
1,81,104,1.93,1
7,119,116,1.24,0
6,106,159,1.9,0
9,88,189,1.6,1
8,81,178,1.78,0
6,93,68,1.65,1
6,119,64,1.18,1
7,99,109,1.51,1
2,114,189,1.58,0
3,78,138,1.66,1
2,73,106,1.6,0
8,71,156,1.52,1
6,106,97,1.67,1
1,82,187,1.11,1
10,78,137,1.62,1
3,78,126,1.41,0
3,104,132,1.76,0
4,87,197,1.41,0
8,90,171,2.0,0
3,92,137,1.19,1
1,78,117,1.93,0
2,112,152,1.07,0
1,105,148,1.32,0
1,90,61,1.32,1
6,88,181,1.59,1
6,78,62,1.97,1
10,83,124,1.1,1
1,73,120,1.54,0
10,98,135,1.79,0
2,74,119,1.37,0
3,91,111,1.27,1
3,75,179,1.21,1
5,87,72,1.07,0
3,110,83,1.93,0
10,101,125,1.76,1
10,101,160,1.56,0
9,117,156,1.42,1
2,75,80,1.23,1
1,84,142,1.29,0
8,94,173,1.75,0
3,88,117,1.45,1
3,102,195,2.0,0
9,103,131,1.18,1
2,75,85,2.0,0
3,76,141,1.46,1
4,87,136,1.02,0
6,115,129,1.55,0
7,106,166,1.14,1
3,110,148,1.56,1
